Custo: 6656
Solucao: 
(0, 1, 291)
(0, 9, 437)
(1, 3, 342)
(2, 3, 175)
(2, 4, 69)
(4, 5, 139)
(5, 6, 77)
(6, 7, 119)
(7, 8, 18)
(8, 11, 197)
(9, 13, 88)
(10, 11, 70)
(10, 18, 173)
(12, 14, 23)
(12, 15, 289)
(13, 20, 339)
(14, 19, 229)
(15, 16, 19)
(16, 17, 12)
(17, 18, 5)
(19, 22, 87)
(20, 28, 496)
(21, 23, 78)
(21, 24, 158)
(22, 25, 77)
(23, 27, 235)
(24, 25, 27)
(26, 27, 265)
(26, 30, 330)
(28, 29, 296)
(29, 31, 157)
(30, 35, 102)
(31, 34, 287)
(32, 33, 34)
(32, 37, 342)
(33, 35, 147)
(34, 36, 191)
(36, 37, 236)
