Custo: 9352
Solucao: 
(0, 3, 370)
(0, 5, 329)
(1, 2, 195)
(1, 3, 150)
(2, 4, 229)
(4, 8, 109)
(5, 7, 69)
(6, 10, 107)
(6, 16, 143)
(7, 15, 102)
(8, 9, 6)
(9, 11, 50)
(10, 13, 40)
(11, 14, 71)
(12, 15, 78)
(12, 22, 67)
(13, 24, 74)
(14, 18, 45)
(16, 25, 86)
(17, 20, 16)
(17, 32, 46)
(18, 29, 73)
(19, 62, 125)
(19, 64, 110)
(20, 23, 49)
(21, 26, 46)
(21, 28, 20)
(22, 24, 30)
(23, 25, 4)
(26, 36, 33)
(27, 28, 24)
(27, 32, 33)
(29, 31, 10)
(30, 31, 14)
(30, 34, 16)
(33, 38, 13)
(33, 39, 10)
(34, 41, 12)
(35, 58, 46)
(35, 62, 98)
(36, 44, 40)
(37, 39, 10)
(37, 40, 5)
(38, 46, 12)
(40, 42, 8)
(41, 49, 11)
(42, 57, 15)
(43, 45, 7)
(43, 48, 7)
(44, 56, 25)
(45, 47, 3)
(46, 50, 10)
(47, 52, 3)
(48, 54, 4)
(49, 54, 9)
(50, 60, 21)
(51, 52, 1)
(51, 53, 4)
(53, 55, 10)
(55, 57, 8)
(56, 59, 31)
(58, 61, 13)
(59, 68, 51)
(60, 66, 16)
(61, 81, 116)
(63, 67, 33)
(63, 69, 26)
(64, 84, 106)
(65, 67, 26)
(65, 72, 24)
(66, 72, 19)
(68, 73, 36)
(69, 76, 39)
(70, 79, 62)
(70, 81, 120)
(71, 73, 44)
(71, 77, 37)
(74, 75, 55)
(74, 77, 20)
(75, 86, 65)
(76, 83, 47)
(78, 80, 4)
(78, 82, 27)
(79, 86, 50)
(80, 83, 37)
(82, 87, 35)
(84, 85, 13)
(85, 97, 89)
(87, 91, 35)
(88, 89, 34)
(88, 93, 41)
(89, 97, 90)
(90, 92, 50)
(90, 102, 74)
(91, 96, 23)
(92, 95, 17)
(93, 98, 30)
(94, 95, 12)
(94, 96, 19)
(98, 100, 16)
(99, 107, 74)
(99, 109, 69)
(100, 103, 33)
(101, 102, 66)
(101, 108, 97)
(103, 110, 39)
(104, 105, 22)
(104, 106, 26)
(105, 117, 105)
(106, 107, 1)
(108, 112, 26)
(109, 111, 8)
(110, 129, 188)
(111, 114, 37)
(112, 113, 64)
(113, 118, 100)
(114, 115, 24)
(115, 116, 24)
(116, 120, 45)
(117, 121, 121)
(118, 121, 91)
(119, 120, 37)
(119, 122, 81)
(122, 123, 10)
(123, 127, 51)
(124, 125, 8)
(124, 126, 46)
(125, 131, 61)
(126, 129, 88)
(127, 132, 74)
(128, 130, 54)
(128, 134, 28)
(130, 135, 38)
(131, 133, 11)
(132, 134, 34)
(133, 136, 50)
(135, 142, 72)
(136, 139, 25)
(137, 138, 20)
(137, 141, 63)
(138, 153, 68)
(139, 144, 26)
(140, 143, 43)
(140, 151, 45)
(141, 145, 26)
(142, 147, 30)
(143, 149, 20)
(144, 155, 60)
(145, 148, 19)
(146, 150, 58)
(146, 151, 43)
(147, 159, 89)
(148, 155, 75)
(149, 152, 21)
(150, 154, 36)
(152, 156, 31)
(153, 156, 27)
(154, 161, 73)
(157, 158, 26)
(157, 161, 26)
(158, 164, 42)
(159, 165, 68)
(160, 162, 12)
(160, 168, 61)
(162, 163, 24)
(163, 171, 77)
(164, 167, 35)
(165, 170, 51)
(166, 167, 38)
(166, 169, 33)
(168, 175, 48)
(169, 179, 42)
(170, 184, 57)
(171, 178, 26)
(172, 173, 3)
(172, 174, 34)
(173, 178, 33)
(174, 183, 49)
(175, 181, 37)
(176, 180, 19)
(176, 183, 39)
(177, 179, 19)
(177, 180, 42)
(181, 193, 79)
(182, 185, 21)
(182, 186, 24)
(184, 192, 83)
(185, 193, 77)
(186, 189, 25)
(187, 188, 29)
(187, 192, 61)
(188, 190, 9)
(189, 191, 48)
(190, 191, 11)
